1000
70674
86221
69293
91167
80602
16402
2837
64690
80127
29494
45349
99315
97957
3761
85317
95603
28478
22271
22368
30827
84555
17720
4039
34256
71076
87027
41699
48693
34673
39859
14948
77836
39931
2936
19790
90386
22205
54440
26897
57158
77342
11705
95503
65651
28213
73368
61756
48703
47058
74181
71443
15932
77
59792
86226
69593
19902
66719
27838
7098
71766
15962
48553
53088
69037
31513
60997
10414
54552
32300
79819
60620
69482
47473
4275
46014
37592
65232
8868
39290
69706
73838
57554
37671
52569
24296
79412
28498
87628
7691
66123
26302
52989
81228
74977
35144
52502
89599
25603
85828
2967
9017
87618
64930
51204
40177
72672
54001
53870
64630
59535
24100
54696
63235
26988
41190
48332
83529
46299
88607
84402
67511
2456
82758
82192
70708
95593
85807
15466
8965
72866
94539
59340
51609
76098
66160
39033
29110
72821
22397
40193
66441
59663
69080
47606
97769
55263
99534
41625
19670
702
40098
74200
54706
40867
9400
79531
78767
96204
74047
75630
3538
79515
5261
4244
97943
68056
37154
62653
25290
39104
48969
87512
49699
37438
82763
12446
56448
44468
682
34851
18331
51608
3983
97534
35778
41577
22732
62284
65737
11436
90860
37870
49399
19299
1088
11982
29721
43845
73551
52097
63279
39083
33618
9684
73290
51935
96001
55896
57339
2115
46979
42560
18926
4819
23617
13112
4463
45216
43629
69272
15662
56573
83701
53360
68449
16042
33167
3515
69995
81825
78310
6342
45903
38508
90348
29786
49339
24534
23224
19991
27467
15735
28933
74538
70284
73059
75595
59488
31657
47451
18921
77503
93710
99046
21796
83341
69917
10707
46245
3950
86484
90421
13619
67437
15195
53090
98005
32332
39564
87918
7996
15897
52842
32216
85630
35213
47646
16661
71464
28789
73026
49368
47023
94414
80310
63118
92269
18194
30702
64989
76944
4815
30338
23112
95056
99694
93898
15639
21333
71232
58275
88607
38967
70840
6513
91175
8023
90848
37652
11470
43560
4735
5596
40920
51530
8147
19874
19124
76587
29407
7665
91383
52580
83666
28407
33889
58196
32934
6194
59232
62819
60044
33271
40967
13711
10046
68018
27432
9757
82815
86836
77158
17233
61666
4516
32917
84733
67363
86506
79916
67022
5617
92674
34864
61114
39566
97219
21254
58387
1702
27514
29632
55920
52613
35157
65995
27231
15015
34041
36459
84544
71846
36583
45982
46767
13250
4342
80434
25592
13453
69035
80396
44954
62151
71476
24063
72237
97731
72154
49279
1105
26197
10161
6741
2518
67700
53439
73182
97732
19681
56067
25634
88793
48060
25503
59871
58699
86530
36946
23675
5732
58576
11300
52333
32438
91653
5646
23321
59717
53272
13035
2336
5869
96516
30382
66792
52262
64022
37501
547
15218
95688
85442
77
26660
55785
12340
93985
13409
15451
78438
50417
23099
14248
37980
67360
77452
96031
52959
50588
73724
59221
63778
26721
15271
72548
49872
94400
22315
91568
33891
56055
2810
25921
57111
60860
35764
77992
19767
89869
45634
52287
82318
44393
49955
9755
94705
25560
61024
70245
83288
88262
20266
20380
52252
11629
30280
58896
83888
70844
62329
43150
97501
22797
4389
85240
71808
3850
71247
28398
38430
92155
79824
78086
8162
92384
57959
65683
11146
57950
13781
57979
96931
21725
2158
31933
4906
7197
59152
49663
34570
6751
41096
30419
52186
72651
36062
30959
95376
14751
2496
36306
55962
59081
70255
31618
42570
84755
85351
83812
83566
14809
13287
18317
383
64759
98381
98811
37708
2040
26325
24945
68
82942
6892
66075
98790
1004
2129
49424
23979
10592
68141
33295
97531
24334
24565
32617
67402
82676
93009
1774
20133
97761
18506
41945
93397
72861
91780
38787
83767
42721
3399
48519
48752
92920
32768
24499
85390
80048
33361
6018
92400
19758
7489
15547
24823
96655
54313
67420
10214
59257
32429
81342
53041
73220
19464
75287
51382
63283
24372
21530
62347
73787
17119
92411
67553
7623
17501
96352
72426
22843
2761
11565
14410
37810
9897
84118
83217
39749
82077
50930
67328
42899
47434
22184
12538
88539
43046
96205
54528
55846
85187
8630
80494
55739
31897
30936
28492
81582
66104
59562
12471
10328
19613
41397
50511
4004
55718
6991
42895
56480
37180
46074
62847
76462
60280
40588
3450
19610
99536
72583
35552
82374
89714
99830
79711
55375
34115
29758
65726
97329
48724
60100
8828
3159
65415
34429
76183
27272
25044
70004
64047
16843
53943
57744
50296
89234
99662
60331
45681
33298
89428
45543
11259
27906
40222
38408
10409
47836
80930
90788
41726
42188
7528
66138
50698
81820
53193
1301
60705
78241
81767
16458
41655
74956
50668
87858
80971
93379
29513
62653
43130
75935
94321
55954
12501
39603
15333
13516
65694
50424
28333
76599
20347
62002
86529
88150
67730
57851
29797
33186
64375
25424
37036
8210
53904
8667
63132
26340
74700
26237
86518
43793
53525
86935
75561
31329
73081
57888
99521
91469
27410
15985
93418
85711
79728
47558
58428
53381
98846
39048
19451
27737
81302
61054
25553
44016
64692
58208
16314
16419
35930
8075
48516
18664
8650
2172
28985
83506
51732
28885
52969
46396
68929
11273
35033
12498
41886
28746
98899
44870
84374
8665
70853
25213
64299
15634
80286
28358
15223
91678
96125
93386
86400
34690
5190
52429
40221
50342
26044
48689
33943
20983
93153
28356
5188
75829
28710
36720
71608
16550
28385
30116
67355
77380
2363
33657
50360
55386
41545
51350
40686
98932
42406
44309
8740
44724
59142
25970
80656
69210
32277
30711
29038
12200
80932
45837
65873
81246
22845
90041
1378
22954
69131
71433
79170
14493
23358
59052
83547
14698
91169
95114
39493
77876
73351
45780
31484
82859
63844
32050
51133
75839
70029
82626
20202
36835
252
31520
38485
96989
88188
64832
90838
78353
94309
83061
86137
89908
86139
22927
55234
56348
82989
11128
94913
18242
30147
48933
42045
86966
62719
63802
61033
68581
38893
52591
44880
32604
69273
83401
65351
93023
7775
50144
70745
51949
87844
37853
75547
10419
77280
54493
27870
9479
31821
44956
74548
19012
57242
7498
29105
41719
48123
93016
12231
18270
87333
38438
96198
40539
25780
15495
89939
65864
38580
13600
69167
73761
12110
849
54503
70965
62112
68267
30611
95485
5235
82913
63536
6333
87549
17221
22303
45736
42657
16306
70346
3145
96257
39926
77728
75132
14728
67721
77917
91646
4299