10000
60203
15536
7583
73914
32678
42112
20792
81909
60481
40583
3078
59234
60398
37036
38202
74801
49336
86608
87206
94135
63421
24131
86825
40898
66806
57944
14196
56795
30500
15947
92467
81530
66679
97438
54814
71302
9214
38100
21447
38445
81678
69918
36631
39466
15404
37196
71391
7670
27763
79386
19933
76686
93715
70035
91333
85132
56023
24495
60691
33381
65358
93504
20829
49548
42130
2485
565
18499
25514
47505
19167
78459
40307
95912
73484
94145
38267
26149
777
23515
76480
35204
98387
4075
47876
2944
65581
78308
27585
64460
24639
49614
30602
60998
23127
70888
64966
3834
937
20285
61646
27796
24748
21912
61743
60032
22248
66370
66832
58178
23980
341
68450
60628
85346
21865
71013
61159
92979
116
13570
67404
11495
55838
44301
28584
940
30692
12016
46549
91407
42301
13409
48414
71245
40724
89737
23619
21685
85856
45465
76048
77028
20429
81970
6649
393
79922
39967
73109
55276
28956
83785
88857
59237
12635
57426
91656
43084
82785
37542
59786
97954
60097
95202
18048
99912
13647
76475
14706
71035
35129
94916
91285
68374
33063
84170
90274
89593
40172
71799
91008
79338
15413
60338
79812
3702
64440
17243
35159
33815
20490
87610
50278
29982
24587
86831
7143
62583
32808
1807
5868
58626
29818
64562
76857
76831
31476
58586
58137
85926
93536
7676
11109
50708
16795
570
37135
55650
81703
81227
53528
29665
69292
8602
21632
6306
65764
79289
40252
63888
45625
37422
57308
26846
57194
70678
91234
52084
60627
41762
31242
91307
35774
58568
6897
46717
65348
57903
53599
84957
31889
95058
1102
75697
91857
10662
32679
59996
43884
24809
36716
13909
36210
42274
65218
5887
29524
40364
51669
71958
46643
3045
57425
31981
66785
81599
85009
24791
98080
94867
58693
40438
44052
70387
17054
57690
88725
2735
40425
40146
74383
50193
90886
34205
83564
66905
36815
68338
67092
47784
53257
26424
33520
67538
18515
33626
27319
18675
29386
15433
38519
78804
73615
28203
34406
63505
15532
28695
69700
9408
6758
54161
53271
27979
93657
91872
80351
99173
238
31570
33478
62995
95695
6528
47395
1853
550
65376
52300
172
13314
20669
85139
28199
4216
36158
30822
78834
56347
25710
72645
95202
75924
44182
21103
6048
74380
77831
71072
22541
42878
74234
70993
62418
3014
90868
20102
15761
42430
96574
21087
78280
39467
28479
35662
414
52253
76558
28351
48443
15445
52717
96513
52776
67358
5293
16660
72260
71574
68063
64951
61079
79104
38550
94179
57416
29814
66162
38306
90027
5871
2571
20425
81659
89942
92151
92004
47320
85215
22669
41803
24225
51017
93461
19364
12338
8280
65765
1129
69727
44876
30268
54872
85228
41113
74043
1639
85962
75073
79994
62262
59253
7570
59389
90380
96437
60059
77650
46556
34416
34677
85091
54111
27551
25981
27092
5063
65605
52059
63156
37
28430
21687
57412
32389
43911
63300
56088
32483
87274
30042
51908
79827
40167
29117
51856
60115
69472
35624
68030
51645
91237
34054
64162
65628
11923
63896
15158
12380
97460
85650
63316
27965
33072
47293
67589
79272
55271
29559
87086
86931
84076
53343
42486
98874
317
61034
23935
82428
92375
9025
83733
48994
56000
85400
79496
74169
90087
65905
23824
87580
84406
45772
25669
98705
87730
49800
78629
256
32013
89499
29908
82448
26615
24086
53745
85129
58382
83421
62710
55706
54522
12643
17854
36499
3782
529
99646
6383
58385
85622
32830
5366
62084
59701
61246
14656
95841
54549
84910
98242
11338
97214
99328
9666
85272
37151
43416
71048
107
10488
48861
73871
39371
99816
18596
48604
19988
19231
4258
98445
32231
77718
22848
65698
20355
18692
88615
90139
49628
39956
14041
23598
54391
70261
42723
76669
80149
3873
64017
83828
74210
2246
70955
80950
26173
72070
77535
67797
39838
95262
17658
15386
79320
11421
14959
57706
77730
18927
54147
51572
68642
4224
63528
26385
4470
91663
80979
50880
36639
2005
66507
94525
75386
21962
46261
32186
86540
59831
55017
92308
14988
72566
7698
65032
28099
10636
5543
58636
90596
52528
15689
85299
17182
39667
5231
8700
69727
66748
37063
51854
10115
53600
12881
88817
62930
4932
24075
60359
73994
38213
95504
36408
50556
9168
90564
95212
47276
9792
43455
55922
99923
89311
57254
6139
5084
90666
22556
66946
26596
67859
57152
33889
78903
87383
11810
69836
54459
64705
21375
24845
89548
83526
19631
22086
82272
61656
44617
61242
25647
34606
33242
7175
98892
33922
41500
39294
34893
318
30571
20918
68991
3251
74905
26530
92602
34908
17638
68481
57704
74902
34097
31840
27252
72128
34089
16302
11260
36604
25329
6035
69374
23594
58151
33009
37245
44335
93836
91879
89017
41561
8124
25076
59486
56933
84000
29573
93529
86295
79629
14995
47742
27439
17680
73520
52587
33002
68214
31000
91793
9969
99283
32824
24784
58169
20689
40509
46053
82157
42996
97755
5030
91519
13709
83942
39126
37776
2097
20022
16687
60566
41982
29049
51498
80355
78150
91863
32512
94791
89883
82723
62059
15570
76368
46630
40675
28017
27956
77477
12161
97302
89576
60610
99571
40921
13947
86541
65903
41393
35250
12081
30895
70426
45571
9358
56306
57264
76751
70225
37920
62972
9282
38813
72191
31721
9938
77018
89531
57919
95027
39411
69340
94217
28905
14282
52864
53857
49567
13658
88602
87958
1195
72810
4388
96538
51376
62297
64381
35765
56136
53292
47983
62585
49448
78151
38332
59433
57311
33484
59649
66066
46291
70650
39065
9684
39489
58160
26316
64703
96515
35863
64144
57771
17775
88912
10787
16896
4451
7603
16021
30346
2743
84653
84201
62640
20370
80131
69821
49714
40927
83105
7875
5053
55655
98548
79929
18371
84372
12817
91356
65298
86431
19479
6817
61725
89436
63253
11072
71638
81205
79542
22031
77659
71868
44694
50201
65225
74558
17446
91732
64448
78434
38957
60732
77912
62820
85928
1317
99948
49537
54422
38845
11595
50078
12606
19781
81287
43038
66220
97126
69764
11903
86961
4921
73440
69106
8346
42207
44897
32990
96954
11689
8627
55277
20965
37226
16361
71523
14366
85573
39586
64682
56726
71870
57248
48846
15950
17613
73553
13835
98698
8111
21644
23219
4058
84463
34891
76324
14940
90800
14528
47646
74940
46884
36128
23658
80403
14971
56131
68808
49496
87378
58510
39211
63490
94103
59833
58179
17495
10211
45982
37978
66856
46665
85808
2169
77493
94885
20181
36972
19532
82426
94480
99779
80701
63162
84582
88324
21194
32301
53795
78842
88380
7307
41443
79084
33032
58882
71256
7108
42214
80875
17373
34705
95205
37875
59728
76043
15098
38242
1586
70656
83938
4133
32110
51192
90025
63223
50418
99145
13066
26118
2794
6577
98981
93832
93967
14822
2643
24367
86859
43709
15284
4244
46281
30280
38798
93533
98852
21917
46346
43006
32021
64738
58013
97494
12845
79170
3865
65544
65301
20163
51695
86020
41338
79184
24936
93721
13361
7016
76466
13139
79116
24401
74497
7567
33292
96359
89324
50725
1763
94247
92093
97316
90819
69598
57267
78426
30020
31662
60629
57411
41503
26966
3160
26914
35244
99721
20898
84152
71031
19224
94131
13231
56572
43887
44353
38235
13244
4582
58532
81556
21249
98097
43000
93113
34018
89503
98401
64455
89776
16672
56877
66448
25001
16066
71999
44226
66015
18405
15576
23678
84225
67786
40142
75065
59395
69435
7928
42797
14783
86094
69032
77888
68870
7615
1411
8634
60979
86456
48271
22457
17566
95383
7379
18073
86252
53259
39781
27020
71969
40773
15291
25628
82770
60217
39946
61131
95041
84725
19079
23658
78896
65263
34986
10953
74316
85514
53287
3540
96784
10683
24571
6820
52027
61800
41689
77616
67858
69740
29239
36301
79055
77438
65268
81901
74200
39438
81433
39247
93892
8124
5753
91353
74201
65364
53428
42790
80505
42823
81874
9920
41982
55459
492
75258
88395
9834
77699
52139
65802
37694
37796
53636
34337
90785
53259
7764
69706
37037
55247
52977
60342
56622
16157
2389
71875
2249
53447
66523
77264
41219
79138
16917
8382
28124
77774
67189
49657
74425
43105
82951
30945
45997
94500
64067
33177
76356
87143
24497
81185
74178
95527
61380
32581
28288
7064
23792
53957
32980
4279
584
3514
21290
28366
70700
49227
83543
26120
81020
6336
97961
25164
85199
28017
61300
24893
73960
86707
16140
91215
93894
1583
93732
59285
14870
28511
54280
48278
26567
57927
2847
19227
13334
94325
32985
96227
41908
88405
60589
20761
13
17136
54617
51695
58366
86015
78254
92795
34706
4796
34030
85067
14626
35499
52410
2633
72112
25532
68002
6648
88606
12384
76048
3221
6173
27444
81253
15211
77544
46710
19393
97890
1975
69070
89139
35417
37083
12904
49268
89339
40060
37192
58844
18676
26346
13452
85240
38982
35622
89036
54323
72896
75266
65753
85930
17622
12038
27407
20418
18501
5369
8348
97050
38031
75571
527
31171
76439
22280
73017
15039
63658
3262
19438
61313
31122
83249
66428
32868
24461
57219
62227
34395
73761
6319
95911
24898
26758
98532
19484
83587
56150
82277
8470
32152
66774
6156
7704
92411
45394
24350
71138
73636
52070
51534
89709
53969
73540
21119
90208
17939
73456
83646
70380
41779
37461
45339
59201
88311
7872
82990
35299
91849
77853
48298
72883
80080
42721
78371
6345
79814
80423
69172
91725
40663
78119
65224
91678
91919
94055
82713
2434
66995
12859
7724
41627
84735
29106
5890
30295
214
20724
52574
46313
13972
60861
44692
50325
5002
20500
97140
3716
83639
89823
73692
27309
57565
63920
53697
51220
67936
96670
61029
53652
4209
67275
60620
16475
20357
17851
50695
65129
83122
18879
53294
96184
20655
72725
52784
48394
3107
49986
27144
26566
54214
60460
28167
26507
90995
53606
99391
76525
17855
46330
89754
16803
61861
17830
63894
21235
21501
77699
90135
61722
16321
25038
17692
89005
48697
79002
33606
79220
9277
35498
75777
6419
82035
73068
49924
40857
20075
77360
69941
56742
85807
26328
5752
27147
30242
10042
33138
94218
89170
62331
97191
75182
80303
60201
42553
36237
61477
86242
7735
31673
77526
9581
3330
59865
61537
2682
58320
65506
18328
99341
97832
77259
69495
7353
71367
95940
29210
20811
42254
89769
46246
3136
59682
85222
72080
52776
48091
37514
34548
32476
47498
41111
56828
65760
81369
38994
2538
46574
89918
72478
97738
7485
60018
57792
95658
65945
40535
11481
41726
64188
37940
20821
29212
77474
66686
20439
30417
98334
3575
73583
87088
44780
62381
12103
26381
13759
80322
59532
58164
77769
15192
59616
90162
41584
21349
15400
99675
30612
49738
84357
81492
44238
937
96423
44961
87380
16824
79592
45425
63118
30506
74764
20864
59058
52720
55375
1875
45190
69211
90871
63677
77436
42590
16447
51193
58448
83011
58857
67505
71372
98559
93730
4403
16860
13974
16045
88836
3946
4844
93726
93537
15956
78154
44142
87712
99101
88838
33485
67961
64200
51490
75709
43060
59011
56454
6629
60040
68250
1705
44783
99244
66685
4926
63806
91158
54178
7480
72536
26146
38329
41442
16601
84614
79335
11537
15025
98861
16646
10929
34607
24923
55523
82157
8188
92841
22289
79454
56891
90650
99563
34522
92486
62325
55127
58741
71968
14228
95244
15929
38713
24661
54401
76898
93542
77300
3820
63884
69749
8444
47602
55596
9108
47533
11831
81388
5549
84616
79347
52570
43842
55329
12095
42790
9493
48723
46948
54539
35852
55400
62233
41422
72912
21254
2584
87253
55890
79425
77248
52493
24461
8199
75788
74064
93118
72463
80392
99801
94009
1608
51666
73411
80047
6974
56690
8793
89614
22721
51256
82315
59623
63924
66656
49556
370
72971
46910
70279
97272
45724
95513
85067
782
43580
98606
57857
28338
45239
30302
23161
28772
41178
74595
74836
80558
24465
32485
76326
59078
16417
83100
5883
17892
30927
9058
82586
72031
18656
65498
94211
97314
13272
38528
63859
35453
51115
4544
62696
17827
48513
62806
42597
35848
53012
44483
53177
79593
16855
52036
87956
91746
27860
91747
2604
51777
29386
24712
58407
36326
43783
78492
49501
35052
73167
25399
22452
66016
50984
66790
49556
90302
47283
4653
85651
64738
82672
79191
54830
55776
9165
28346
34066
70391
56684
50900
97250
23377
2243
35743
96826
28221
30814
38771
75388
8328
43591
51942
20343
75555
33212
34434
41665
40284
80070
70136
81072
79336
20076
35183
30838
58
14131
32767
47814
4832
99498
53745
40590
69156
81310
37491
367
90145
54478
74643
6506
51360
22928
42043
45190
30483
22161
15197
52976
3989
39344
13192
35791
48493
16121
90388
67964
8722
26736
33327
20086
32884
54602
81902
20767
46344
27046
85807
6639
29903
70649
66733
99349
67448
34871
18834
85516
17771
9737
42744
25843
89056
11455
80402
85667
33800
25783
82931
64673
7033
79666
50376
45327
14053
77834
7777
65462
38022
53610
11426
1901
93960
98058
53578
65777
78611
88066
77538
12215
3058
67024
85520
78027
12375
45946
98333
58642
1142
73400
98269
6636
76493
67133
32651
25124
8382
30498
49017
84288
58052
44842
73156
50843
271
20429
23907
41555
53654
8073
24578
60808
90208
98501
17772
3859
48782
62227
13448
46094
79763
2295
24657
79460
91579
62089
22460
13439
94375
26619
57056
50440
31873
43721
36701
37460
68228
94255
96481
20622
84625
25252
84085
18285
27413
12695
70348
7812
91839
88557
89813
24798
61506
83020
96379
25258
53483
24354
47301
83178
95836
70324
23866
77694
28950
10334
52642
37512
486
41548
40882
16583
43308
13604
22636
61584
2147
32798
71438
46618
4339
1797
20404
72504
1760
60961
30747
89134
60519
19407
9841
37858
84910
25086
62451
36082
96512
98570
47736
13004
91441
11368
17494
41448
45177
47060
37260
53834
42107
26975
86669
13079
34593
28809
76615
51597
40911
24928
45638
92169
52352
52458
35629
40637
10396
41667
19166
35923
93013
30665
31957
42068
7657
21202
22631
85436
7437
31355
51142
77699
78731
99142
88257
5060
14721
70346
50648
30479
56038
42576
51427
87135
8389
5710
35490
49324
97287
72854
55573
98637
31006
74329
89438
46302
94605
77645
17818
61495
56861
10921
328
15479
55807
38032
65038
8077
49106
9796
68986
50030
88577
73764
92365
31618
80081
8885
23321
20019
94986
56812
77976
83641
6495
6104
86030
35703
72338
69090
51323
46316
39603
31562
21972
47120
65016
7043
57539
88205
30059
91559
20579
5339
61295
48715
19705
97146
43904
32247
28101
73767
4721
93631
1848
36064
10895
59873
37513
67461
84808
63511
631
62417
61857
8777
64024
52034
52727
45132
37315
41272
40709
22176
20941
48018
40392
97847
35197
79656
41564
37788
9220
46879
96943
67326
52837
79447
11360
77739
64215
72462
58257
29718
30863
21605
94845
56333
43245
34424
40752
31351
13018
28940
57438
16968
43660
59407
44590
81307
36545
60943
20393
25781
22652
90596
98146
57999
27544
65488
42810
74035
99077
32876
79005
95226
92999
87082
59978
4006
72980
6076
28593
64655
11118
41279
20504
57286
8386
29077
89515
65718
71340
98036
56401
20532
80573
42454
11831
67510
72559
51970
27581
83468
46890
49996
86551
56893
75029
34904
35185
99536
35593
62680
18459
34107
73406
35383
4905
45889
53865
39692
87389
82
66539
93588
7792
29502
75735
78293
85827
8607
83271
14981
93941
67345
26684
81224
10624
30594
97132
69812
83921
57060
64905
1279
26618
51141
46469
24504
98446
93367
81421
91504
86834
71932
45773
53269
98090
22244
50069
3558
68283
94743
79156
14507
45661
40916
81804
20420
2053
72779
55543
76749
70273
26506
12505
87059
13067
70252
13528
88363
69127
81320
31836
99796
78174
79755
6429
58338
56025
49728
4685
15171
98902
82232
55506
8517
87308
23295
82628
84660
23454
18981
39651
27747
6430
49260
32249
64350
1528
42409
89180
17354
19149
21792
47759
78480
42745
77900
94355
19186
7967
23753
33433
38342
75680
16348
38891
22844
23348
77981
52552
45077
99710
68321
6507
45331
50900
42123
66574
14358
59588
82423
60855
89438
32886
23304
70715
97098
18987
56464
94558
66890
16436
88270
97547
42492
48170
52229
9201
9026
18229
66081
94001
50770
58048
68965
11385
43578
41739
42134
63830
29116
96279
27450
57885
65851
63962
51983
39617
72869
61415
43699
11260
50363
50595
88392
98768
16970
11584
96593
33386
66908
49272
69356
11581
1329
52182
25833
34036
29890
30396
16048
76400
85493
22299
96956
92275
72815
81705
61281
5164
13974
55580
39664
53874
13385
67541
5677
81902
52558
43342
27095
97997
49533
2436
18579
56725
37578
33995
30927
95131
92664
24404
85748
23727
68451
31954
69916
52463
75102
14016
27876
15314
71493
39259
57986
27963
19076
2864
82253
83223
43557
91112
66034
37976
99621
18241
50712
6376
7889
22352
69807
67424
53460
2131
92076
66473
82919
33175
17243
32340
8307
99190
82539
68473
55734
51649
12008
48993
8017
36929
80860
67324
19691
36394
75372
76650
87363
11998
46908
59174
46436
84110
28624
7900
98435
44197
47463
19388
12249
51760
70999
35925
72634
5865
75077
88395
53347
54300
31617
78154
53165
62664
44550
19309
22143
5579
30523
34573
69268
23335
92587
47182
81157
36528
69200
53876
85126
2524
17722
77492
93708
91945
28162
13218
23625
7373
46572
95838
58074
99773
91948
6484
25849
12027
93219
19569
22743
70711
15733
78924
15287
52501
11611
75601
67607
37415
7625
41724
39972
64304
19235
55823
68127
29985
98400
41797
652
52671
38034
35172
71077
84922
50860
44591
78970
54959
56650
65996
57839
85032
41922
66905
4055
87712
85568
36591
67629
91057
94008
57461
67170
97263
69472
62030
95309
92647
99834
42848
87368
59977
10730
83843
75545
60923
58071
75835
64141
67776
34993
37478
17965
91521
12755
1487
87606
8979
75213
69686
90606
25382
81626
27016
8944
48719
38900
10024
19475
94981
40976
64812
45533
55138
96203
74059
51459
88169
51889
4587
57398
74961
3297
67270
67918
55792
30114
31831
35237
3527
46301
65976
9496
51698
53416
44153
7433
23704
41243
47344
14991
88821
64360
95526
43139
69889
96876
23637
56363
579
30463
93246
92806
30114
7838
46884
86556
18931
52430
34882
52146
32195
40887
13817
34888
81074
98426
2575
41581
93046
82548
46607
29899
4329
76132
6753
49177
64930
68529
42545
59286
89779
29059
51881
9056
83994
66508
46989
59203
20626
7426
36519
16943
74595
8949
28685
63488
73682
59743
33582
93387
32726
97540
26709
17491
63127
57305
96373
30671
60955
75169
14342
27148
19822
55110
34472
24853
96038
82803
16916
82406
29701
92342
43582
85356
48249
21693
39771
95908
91318
85847
9662
79152
3801
70400
11654
32350
54180
35065
80186
43813
86828
74335
16583
32209
34167
3922
17144
26565
90790
21355
91645
58455
99182
62706
5498
63724
54443
36626
58969
94994
22952
51065
54201
60046
19712
15144
61346
56615
36725
73166
22932
77817
24092
3260
19485
13797
59327
71861
7132
5971
46160
27439
34311
15698
90311
11124
50469
45210
57577
84455
666
72486
80716
91074
44820
15745
87591
60139
56477
66322
91083
96143
94108
57677
93306
16404
48243
10744
74099
73305
27756
1684
57734
75650
51799
18387
41124
74976
28702
98202
35928
14597
12995
32055
79497
34215
23940
92445
76974
83606
91077
62509
76931
7078
61187
78376
74891
95998
40611
89780
95372
73981
54089
27910
5410
30996
84055
92181
73595
48305
48953
73247
48373
77505
85900
99904
70286
56963
45234
39666
19228
2721
63787
95478
65417
70987
50488
82198
65790
30782
80247
86240
84090
13917
14729
15732
54213
19791
83550
34240
4006
25712
88928
15834
32364
92491
45590
36567
51528
91749
93237
74444
57560
26158
13540
92177
36446
31894
47778
7163
3023
48671
3062
41070
98464
24414
23889
27651
16723
85533
59111
77282
49142
90967
75981
1007
4777
69343
8667
50627
50872
54849
94097
19648
95775
42867
36626
23465
88299
86528
51411
81831
47973
92183
7204
50261
15653
5634
95116
64877
81466
53000
42155
62469
28955
26156
75141
52259
98457
99339
53646
98157
38398
87091
72146
99359
66716
41945
69779
3566
19078
89726
30653
39598
22170
68196
95845
28088
63720
23627
87891
18004
11407
31876
36940
83760
8768
63892
20506
50924
83346
48834
6635
62199
87447
41043
46643
81049
8840
99807
51222
84841
78121
27878
39117
25460
51270
82852
50381
61613
67377
31586
51031
51694
84154
32535
1051
20851
81075
23514
64194
80884
73055
75421
9941
12400
95130
71213
59888
66581
75788
79314
83048
46317
63604
3752
97317
58770
95726
19683
85111
56094
96524
49771
83168
49196
11752
67089
70537
37633
1290
70328
31545
94772
40276
52090
70730
37006
21358
88586
63312
90349
43492
72449
33037
16757
26273
62211
57881
64967
82835
63720
87653
20341
90237
66968
56750
41693
19763
45520
5724
4932
17012
30551
6470
59965
91008
81269
56359
60419
66411
16055
86632
70574
29331
72167
16696
33560
60266
80972
13505
69798
44186
53886
30851
95157
42387
50061
93993
25169
75076
52731
26539
79803
91592
20098
59080
85108
74912
87208
90255
18305
20657
9702
77989
89373
21185
66169
30975
81012
11707
96850
31392
80638
3020
49055
35188
38724
28384
29888
72584
97954
32329
45050
70199
15154
52374
43045
70908
19446
60380
54726
48504
9009
56747
22673
50073
18074
95922
50353
63434
77080
98506
1612
57495
35356
56831
48586
73526
17840
72666
81609
6263
28622
53821
58382
63788
10396
59554
45913
4422
59844
75742
65157
28865
19400
61942
35211
81481
4613
78164
34021
60975
83754
18466
1605
65820
18923
95213
14730
25257
38951
68513
7086
2645
88655
16960
35045
70738
79709
87546
39789
8970
39632
84361
20293
37275
34012
57283
14210
83530
53798
48739
71378
95294
29364
9529
82709
71469
83321
11023
28781
95005
52083
86009
81360
12847
14034
294
58666
98798
81909
99135
91668
76151
24591
34088
64720
81511
78684
7220
83224
49523
77428
39561
34722
83640
18472
74281
15685
25272
89780
4923
22996
51242
5044
58979
82616
27074
9306
28143
7761
35535
57224
85876
1287
25701
3245
71630
80675
61406
48529
52363
38195
45794
46191
62658
66207
17895
75076
16210
95885
3036
87218
9411
98401
53381
14693
41092
56288
14458
54556
16056
12418
67119
12008
24445
49309
80800
672
81118
71431
1244
85352
89829
13763
14658
36390
22084
93880
63849
13546
96726
9968
14054
71143
97558
26677
38074
82924
67000
50210
61733
10266
48535
38684
90595
91566
89358
56166
54965
28307
62211
90593
83225
9037
42446
6660
60028
98838
50803
834
81732
90606
33250
85674
64293
47623
73715
59624
95953
43613
47734
46589
69534
66269
43401
92029
86585
92139
93901
64516
62568
79641
59
93504
61678
93926
21143
10139
22520
17120
40918
30620
53494
88959
81818
47719
51189
73078
26602
9477
78143
47242
24302
46024
40491
80369
3113
57538
41351
42827
86437
10224
71722
78275
11898
50436
82263
63710
89
89523
11108
31680
35535
4573
72352
91803
97994
97253
71851
70486
42229
40542
19976
83587
88389
49838
15237
15720
53463
53249
75512
18318
27561
43986
20976
53468
81584
3185
37852
1932
15961
72279
76577
35271
99885
1345
11471
53525
27417
83174
24535
75806
57672
842
55455
2700
74325
1796
26550
398
35378
46338
61444
98273
56761
50419
22100
9484
90313
90084
17498
97632
44589
87832
59516
70569
92537
39532
10486
5036
18232
27281
48190
53033
38670
46786
16629
36732
75791
95236
59527
70116
9731
83213
42138
11827
42601
67012
94042
72780
37711
45720
99886
35066
96717
45987
42482
64866
79029
12611
76932
97092
83240
19083
1757
28128
56513
70272
34483
68948
89317
13953
88885
32220
84643
66893
96653
27463
31539
48621
71624
27796
10632
41158
5268
69603
67330
19621
104
53565
4083
98903
20273
26912
56208
54398
93526
41223
52851
26716
86895
92777
44756
34113
12289
55091
7823
5874
61270
6942
9148
62597
64206
68533
35322
33727
14404
6549
99456
20212
89816
30473
53619
12992
16619
27184
44965
4771
71181
38969
49987
12367
79213
87164
56986
34523
29208
85270
24493
60306
87500
54463
73437
22434
88763
98933
27809
5088
96934
96192
58510
17100
72619
9146
80830
75706
67644
83473
41425
17203
63600
88174
770
50938
26634
54348
66416
38364
75043
90108
72206
98931
32977
55908
59533
64989
45852
32750
40062
36799
79338
45988
94900
95388
57667
18511
17985
82803
8012
60501
83287
85483
81549
56064
35994
42376
22179
79606
57932
75614
10170
76128
49638
81608
20906
33113
72096
64784
79690
96812
53361
86311
63155
86439
75204
65741
96812
33256
60675
82735
34605
4792
91057
13202
18512
40115
62960
20903
73103
35340
7899
66226
24105
8712
74596
32189
3304
21253
14939
5733
53522
42424
2071
19638
77617
86276
35567
8049
86777
64433
50224
75222
84577
45803
56501
33467
86702
27008
4018
73096
54449
61961
2986
57106
77316
89926
28687
49067
30263
984
94346
33353
16302
26471
19335
72994
98659
7509
84810
55642
25260
72460
67420
23925
35054
36134
63513
55086
11104
30989
58927
88126
62292
50118
65757
27086
58182
54590
68108
19092
3394
91795
72050
85206
15562
2183
64938
64747
16354
6542
17776
6362
79745
19744
74367
21915
22614
88639
33819
45913
54335
26302
48771
44373
4457
32262
51088
6654
24740
4455
19307
93503
72026
53490
8659
70512
11576
67217
4351
48147
89116
75687
48338
82317
70379
88091
24614
59195
90433
37983
50053
60598
57644
90505
93959
61657
32287
47750
86656
3567
46296
69438
94942
67085
94460
17760
53698
95685
52942
18898
6060
75272
24624
4116
37378
19728
2040
97289
99939
56323
11899
41390
89291
77068
30381
9034
98754
34359
80315
27110
86352
97571
61467
67446
25125
34065
17717
13568
95300
36909
19234
74355
31254
5771
11897
63913
42394
29928
79133
22713
94838
1813
65889
94628
52730
93115
46396
73976
10950
61466
16182
87360
43250
41079
69087
95349
87625
48603
14884
32862
84471
58897
26914
75510
50717
49870
50512
17239
77503
54122
681
90379
26465
21037
40615
60424
70924
91348
54435
21249
87658
36943
46462
68815
7450
8443
75533
16916
5108
4535
78539
46186
68581
74345
4569
44457
76267
48091
85954
77838
39966
38515
54695
28051
98475
81904
37548
77921
96447
70752
38174
8632
11370
12375
53521
42030
71527
37758
13507
7647
24202
72978
20090
91049
80014
45140
45997
89542
53418
59317
15845
70284
74822
1038
69761
2873
17747
83789
93668
63230
74831
78756
79719
64993
97570
49860
52592
54411
63890
57846
15723
31835
60296
39530
44878
74572
87154
16639
69490
59745
4677
35005
10255
75878
85821
92247
96444
41757
59730
46791
20173
56135
80164
44699
45279
71495
89488
54797
24511
38609
6234
86450
83444
13543
29287
62182
29476
78242
37552
30208
15972
10410
77266
4033
63130
52742
39207
83822
63802
6404
21117
65041
52544
23683
58026
52313
88345
41098
56731
29732
78904
34917
5209
79227
36669
75383
62569
87190
16844
46123
61542
43025
92315
52453
28790
28693
14002
11690
57198
14202
88826
36378
69679
84827
65657
29654
73669
15514
2852
13801
51310
60862
75625
40617
86724
71434
53036
49897
96802
12795
36133
43411
31985
48912
36496
69678
52527
42520
93474
65952
53926
67371
6017
62327
44828
17578
37187
59956
57684
85246
57818
38497
49093
3880
47436
28328
31668
61405
90613
24534
58
41064
1691
20370
37990
48405
17602
52358
48754
15481
68925
90551
30593
59601
12405
25829
95628
77724
25170
1483
59837
2183
30795
51794
54481
71656
28085
68256
57735
35544
41648
998
61886
61699
94833
96793
62313
55238
66078
57222
52984
11459
46286
96328
79450
68947
26313
2901
16373
66763
12580
51597
74811
50052
84365
32918
75057
61897
21331
8820
21655
53015
59528
69814
72566
49775
46797
52464
27526
51585
33206
1142
37475
18187
19263
26881
91881
68237
78579
66765
74246
78613
9599
41403
67365
80729
85408
68535
68710
48133
41407
90385
51014
7823
1168
12512
81889
91217
78539
18282
76915
78787
22650
76485
2512
46595
24784
42529
69202
49411
11795
56066
28879
75072
71133
61092
56019
40784
54827
20891
79155
18393
17254
4802
29875
16826
73265
29307
97125
98267
52018
82748
82553
20863
43580
12353
491
24031
71492
45131
1999
88720
93058
81768
53623
83775
58177
67920
87462
77223
29380
27825
11481
96086
13251
85374
54141
2501
48978
80209
52253
53080
91068
82213
91531
40499
88864
24681
80315
57382
32606
88213
64108
67929
32244
24824
28242
49379
81347
32370
95194
22955
75383
41800
72132
65650
66029
53781
97979
31548
94412
31766
46258
7970
61567
2838
98329
19619
38967
40968
92342
50673
46302
37538
25258
70807
29275
89161
29220
24870
16956
12409
20570
84297
60695
42319
36315
12587
65181
69245
748
76947
37010
60752
39919
94405
9741
14845
58102
90021
87478
36239
70637
78799
26891
79690
69906
21201
45632
50182
54225
69132
82552
52672
56886
44675
60680
81332
88880
13035
7109
95
60213
50149
45417
20729
16646
11902
81099
40883
14165
5894
40977
77554
1854
48212
6953
74899
76743
28396
29657
3653
92354
17668
47053
14255
78498
92139
58508
78862
10499
72955
22297
28063
22549
41968
1490
47610
702
43052
59314
62386
92109
90141
93908
29929
59211
23122
73830
63714
92006
36261
63772
95985
34095
27460
31896
41195
92327
25504
11069
93536
61472
80441
38176
15008
72622
56936
76546
55217
43469
8652
31084
75873
51226
45118
99908
60457
38858
35155
4545
32602
36316
2376
84299
73114
94156
47386
55553
30553
10070
16170
37776
39985
11154
47418
83209
43196
35959
63407
65494
11683
94984
29237
26389
19291
82164
75402
69618
80804
17908
1854
33196
6866
84647
26984
9551
40408
54260
40978
20903
34520
96238
61014
2874
45405
58845
49705
26610
4152
12382
41829
74827
49038
8995
57898
69010
97347
83173
57875
22636
51294
57852
14338
28443
85427
92225
28206
19927
26196
77617
99622
60554
40131
38310
32487
16822
86086
52902
94273
34189
56033
51119
886
68169
52754
6271
6029
56382
82249
76044
50617
60970
99196
53685
62749
18604
21152
62734
58709
7027
81882
53362
99053
62037
18289
58781
26892
20216
20182
4125
99964
43923
65483
75027
85289
2867
23800
20795
39030
25188
1620
82347
17847
94253
26072
31333
56315
6377
17516
55621
9134
32586
55933
37095
24633
82453
69598
59582
15292
24718
73930
31045
67518
82289
92169
76796
5322
11728
79275
93380
14443
12549
41107
74092
50126
22462
72678
69875
32054
29148
85460
35356
36477
94378
4825
4260
64852
7727
40312
65426
17860
15319
51603
58896
65716
12899
56180
13527
50282
14439
51992
72898
84147
71318
84176
90104
45241
31467
39918
64384
63031
60523
14848
73157
30962
79786
88781
42814
61928
89128
62368
21544
16209
21592
36112
25081
69388
34508
68973
32889
62727
54832
33503
30330
54608
95947
6579
68898
52262
9513
94229
32901
16902
96066
48494
77773
55826
71783
70292
32687
43688
53712
72780
46013
64853
58261
5045
51930
72395
28857
76053
15541
5083
31818
8124
54761
16090
13769
55268
55716
50290
7316
74950
79193
66855
53246
45347
79887
40563
77946
53286
73959
3672
53660
82181
53924
40541
50964
81759
38206
13378
96161
22903
55659
24581
9701
70099
12580
74176
36257
44082
14343
43169
41725
38413
28102
83897
2837
62019
46208
30515
31693
6190
61985
35250
54262
15182
41298
68694
10555
95986
59163
12409
58134
45440
10369
61054
30885
54361
65902
83495
90826
36129
91931
70482
46726
53857
34610
59786
44825
6855
45449
20740
44198
47086
63058
75274
32668
7768
72240
73924
15438
5896
94127
37197
65277
9072
22894
32580
98096
45703
48025
38345
70581
47334
63879
82061
86300
15956
36060
28137
12636
4111
55483
53697
74455
4493
53837
8612
41569
11107
20713
90161
67332
17111
41191
72742
77013
67710
20570
65372
46167
42164
50987
25929
95324
96689
70494
48371
28281
5804
74651
71321
20188
44448
15238
45304
48447
88570
9930
17865
98682
62518
23228
57488
87086
12442
412
29139
28556
26877
42316
49292
70626
70246
89756
38289
37154
74396
17906
69628
15619
18314
90229
81476
85138
4924
84148
38926
53462
97749
2467
44363
61997
94598
28712
74174
14533
41308
45756
28838
59448
14643
28508
32076
41946
60825
77256
75634
21444
69283
44888
42265
82358
49133
77131
6039
3686
95034
52676
7005
92051
99586
27906
66694
44838
8531
52626
90362
6244
82942
32023
98842
17317
45493
44053
99401
15945
66121
16603
30363
41395
98042
44814
5458
30848
84368
96669
77086
56376
62815
65420
35705
12091
91324
72431
97053
89532
23762
71319
34384
40713
98107
5259
74424
64551
11264
55629
23
10063
49083
32128
75952
87735
59875
5803
89962
84596
88716
82074
72613
19836
75953
27500
84413
25426
27254
27019
12313
43034
92703
55002
27122
93100
52730
63151
53911
60153
86132
87101
53596
14337
3277
76261
516
62178
98747
54429
55449
49878
94309
75810
8564
76931
57114
8666
35659
92016
62208
19664
53840
11796
91401
70342
56931
17942
65790
72920
71017
24928
33664
17099
88375
77975
64272
4167
2453
27137
5675
21437
78051
6009
64426
93601
10095
2269
15197
67052
35354
18876
70382
89787
7120
49011
56848
85835
66409
6233
18492
20735
67164
2191
19389
22581
77829
27314
93131
95565
84721
58334
66966
60552
50349
32732
80840
75527
83182
18021
89759
50280
72022
36278
49819
50552
74639
87239
33383
75380
93106
98412
63738
75069
11663
50712
12569
70166
95847
51474
64350
59884
21266
90976
84259
85531
41205
14905
53365
81167
963
21947
38957
99485
20375
44957
51855
37138
68208
31494
57140
56869
68166
31106
51678
35582
36198
8337
16868
74417
16190
65733
82384
37016
15324
29898
18595
41449
66926
72955
75196
3361
19304
94546
19076
12918
91833
38121
93560
42426
70636
35158
76580
74926
95890
83498
38299
20546
11253
50927
56984
54985
52356
77268
42733
67965
34705
85183
27861
91113
67937
65251
39667
33025
32267
35724
19968
68270
94110
54859
59355
78406
23169
1355
18732
46369
37697
90936
77275
18969
98535
74498
82017
52900
71098
81082
75026
59421
43541
40864
34238
60814
19041
66762
2103
45007
89875
23211
52753
6781
7280
8403
60008
13638
89926
70815
47943
47530
29905
31278
72029
50095
86679
88516
18593
76572
98489
26536
63649
72633
60500
75096
26019
33950
19103
26473
89007
88978
34069
53019
89454
81896
27058
34704
53245
61730
35261
83624
13159
96709
43007
84037
11607
38632
84827
40171
95137
55243
85773
93217
96247
55001
45980
91296
75148
4929
16631
312
47034
61823
35309
77719
17693
18526
88292
59424
91319
19027
58694
22898
75524
2343
77597
64099
62951
17729
6858
95153
43819
43543
76077
31818
87258
48942
31838
458
89203
41439
17703
50648
86694
84046
79338
47549
91949
34413
56263
1572
26534
47402
50943
21285
38621
6681
27108
49425
79827
51375
38736
38529
26133
14748
21065
68702
16612
44377
14755
45578
99917
7977
1201
39751
48857
46616
45155
98964
44808
97419
15246
271
74041
58499
79028
89023
50679
26861
89059
55500
44231
35040
66128
60707
83048
37044
56845
38312
69784
85506
95511
6706
48769
95661
72621
60445
30479
96913
36184
88937
2566
62429
66144
36588
63033
56583
74126
44249
6316
87226
56928
19087
89506
20010
34594
5038
57645
31413
45047
80391
1722
24741
3723
94045
8496
84918
96076
65642
87919
75369
54162
93214
94145
68256
70059
91451
9672
26050
43400
76044
1731
85818
30939
68969
47281
82145
70810
87312
20149
9226
23498
19176
45484
91386
6491
10674
79991
36396
44570
94688
38873
4207
81976
37456
24650
20542
52058
21818
62347
66879
25990
93336
58998
57135
67716
36058
22830
88944
34243
90319
60409
17696
29132
64623
4913
79201
5223
21231
2583
82431
24222
39269
86946
58835
80176
8002
88212
79893
70830
4815
29169
39489
98308
50187
21230
5971
13710
30740
64197
61310
62448
75746
71125
74082
48618
35054
9407
50271
25308
17781
65567
56337
8197
54756
92832
24419
9948
86452
84620
52437
52829
86442
34845
57202
81062
70636
27202
49848
13953
16348
48811
52787
79303
10989
37403
97539
71170
20447
99396
12019
78598
6762
47499
17705
1579
43478
79760
53532
35720
50168
20860
74677
56458
5770
67063
12357
22986
91708
79903
45518
23672
61066
95205
92672
25982
43377
44923
63679
62030
92234
14403
72227
92685
29349
86561
76553
84493
85337
7561
57683
19526
22082
91061
13481
65598
67143
34472
15266
72447
42694
753
66680
49916
63584
47435
70234
19267
22760
7365
32316
6379
32455
67973
64115
93357
2215
3303
82960
38340
49415
85885
15935
44983
81158
99012
24445
47589
24779
74271
15148
43728
66037
8031
52888
97753
29053
35695
76319
95594
15525
56322
43395
24662
55933
25724
53683
65114
59048
78282
74064
33778
75906
72121
64833
694
63819
23381
84368
66378
971
26408
64369
21036
79256
36913
16095
72593
12854
41256
8483
79102
19369
32916
85680
96908
75607
81502
33962
15281
96736
25588
21328
666
46673
7730
7424
62569
79461
30134
25927
76559
42304
95095
95451
99331
54477
349
2240
43964
40108
9592
9323
20484
85295
73660
39190
30399
95419
4070
79421
75784
17118
7621
651
90752
37603
47830
26487
48183
27828
30269
21033
89997
65475
65745
42796
20926
43862
16313
54152
61813
82939
84497
30732
85569
24531
82436
92860
11383
17299
8361
62196
58705
71272
50204
78762
64239
35153
43470
50209
65210
22705
83124
47277
43389
41317
97817
82501
27087
89706
709
61924
89074
8916
35910
81628
5027
44341
67692
3937
48246
9878
44670
89579
87600
5415
94435
12467
18787
5734
92092
26410
52671
31419
13144
68724
59276
81120
90412
79017
15672
96171
47435
64053
8723
29221
41336
88150
17151
35225
76424
35407
78526
12631
72670
10938
61209
93766
75071
67279
77382
95097
26103
37033
57395
66264
60710
93425
73639
50602
34739
46854
98645
7115
67104
96644
62070
41545
92273
25135
51433
83227
57672
96876
52547
9377
29869
76960
35799
15159
65345
34372
2922
93890
78834
10644
9924
43226
49993
37638
98298
37432
1588
34339
377
2572
88710
47042
88972
89534
54120
58029
41405
37617
21876
94278
25229
96954
96855
33977
74795
7518
13922
80952
15052
55670
38005
41362
65741
44207
951
41389
16850
88629
57216
44396
9309
385
89495
23443
93701
73673
34533
78394
53478
27396
16077
19379
15407
63458
14156
69683
28184
75647
25382
45543
59072
19256
13722
64137
66691
12921
59663
27053
32093
76629
10207
54106
72978
73301
38437
71821
44548
27668
346
26483
52990
64126
95864
43453
48970
49573
50793
93479
79332
57922
73886
50438
21822
55939
15010
98380
64126
12203
35085
29134
73410
52673
4697
17263
8496
40600
22470
84177
23493
26135
12792
32731
34153
22692
26832
85174
89087
40472
39575
7634
58093
68477
88070
51785
59511
15252
77160
46500
93666
68854
33339
33245
29422
64695
63959
65533
61567
42431
84522
52432
66629
49088
8451
89824
2316
28942
18573
93613
68311
79516
60085
18088
61706
48063
18673
88392
41250
91209
75816
64465
45415
67415
61408
4948
73850
83072
65625
66674
51724
71154
4521
38709
88918
1153
14775
16726
81617
59743
13789
6874
28217
80722
57464
73286
98423
23872
37003
66913
15585
68021
14252
58747
97404
34516
78594
4796
90128
80533
87610
18077
99920
5594
65203
59980
1611
77454
65338
51808
93059
275
27080
29081
56945
84048
26516
21908
45054
66343
78808
88795
26412
68998
39925
64270
57674
34217
83251
20393
62779
45165
31103
79146
80260
18838
52142
86104
3364
58368
9265
19280
13810
99292
24426
55808
95278
4237
77067
53821
40352
17612
3242
76309
60678
13292
46131
47716
83348
77099
75504
82287
41404
56513
6854
34129
96331
37720
99349
83398
33581
44263
42885
61
59037
21868
37362
32813
18958
80899
83557
47830
22232
27108
58528
46437
24805
16587
86789
99822
62729
87766
9477
45408
51040
12081
65855
60630
84375
94592
28044
4050
11530
15153
2589
66191
74178
88717
16932
45807
35316
47043
27302
57444
89598
44119
65406
41354
43093
50556
99971
13694
86046
54769
90537
44387
87527
14221
24655
1952
20427
74122
38741
13223
15476
21929
61819
32862
30780
37361
52288
13143
71925
89342
82418
68571
91826
37693
42135
35197
16845
58950
25026
12840
58804
62940
38595
84907
6520
75453
17897
34512
7421
91802
47315
5023
63214
29472
56775
20407
36714
37558
53166
62106
68071
37401
4929
63155
82338
48099
17326
523
6492
62814
86845
81915
1893
45924
90522
81837
99254
54763
45583
99988
46614
30878
27743
8232
33539
78417
61055
26078
44456
45868
35072
37034
50349
86075
51823
83705
93997
22159
74888
72052
78521
13175
13944
20591
6669
78909
76880
27979
13055
37420
63681
67090
38323
80486
83285
74646
41112
86994
95622
64191
46165
72498
78141
80688
71058
171
35843
21652
57801
31016
49575
6594
23772
24712
84956
14484
93553
21686
46876
17911
81128
87805
72087
61736
5986
76519
4604
70397
5572
88706
86668
88125
86707
78098
51357
42999
19019
19378
47087
26457
36654
43980
68862
85118
22027
51976
63580
48233
34369
97076
45054
44284
60439
64180
21135
54762
24708
69435
7807
39967
36564
45169
48198
73426
41754
10418
59010
26789
6599
98085
32022
28903
61115
33943
79518
8811
68229
47593
24876
22823
92908
25680
25034
65347
91502
84898
21670
70845
38758
94985
29221
43534
60994
51796
80851
98093
62678
88131
12491
67661
52317
65287
61793
76962
62541
96206
97260
59939
50379
48531
29902
47724
70490
96347
31801
25592
20809
97229
33664
87722
16659
14932
90516
12870
31684
7543
55746
19549
65127
85845
56562
62414
10669
80138
98940
21177
32057
22078
13774
77541
38604
20993
26639
39570
26476
98628
77438
59406
10693
5923
2740
82052
18607
25513
95858
70337
12461
94250
20746
70938
44448
76411
29429
99641
91777
90647
23907
66136
68279
54559
73405
11432
85484
68481
54705
28605
33613
27665
40432
23776
89385
94522
79991
10967
34249
90380
49039
81086
20518
27400
72819
87646
44091
5525
7849
66756
26251
32342
87426
1711
37501
27081
14246
837
22471
42669
88654
12009
91617
78142
47988
68448
64731
18094
80626
1063
3366
78406
33963
44339
90224
13439
7853
62423
73872
916
24304
52729
23193
16007
46027
69388
22167
32185
24716
43925
12664
98315
51759
73675
64202
99148
64919
79683
19790
79535
21033
57747
97431
49125
80054
38947
77985
91018
49004
28056
10496
38594
93806
21937
89612
97605
87224
7728
61662
31639
68372
43627
99557
51484
57046
47950
1659
36743
87428
92162
55568
3063
18170
76139
49609
48614
54430
9008
17804
43393
60132
94360
51358
83623
84318
91035
58251
8664
64932
71346
97200
26869
96286
17711
68534
12114
86549
35629
95771
51708
32159
48568
45745
94040
52000
59070
93518
7658
81007
69291
82431
62293
7774
82220
27083
99010
44128
74351
69664
69131
73289
76813
33278
73880
50489
77274
91059
63792
74764
35489
86223
54142
78856
55108
67675
81680
65935
8282
11210
65327
9335
7297
75461
34728
13509
4834
2616
20904
48926
87092
18620
88087
95893
84244
93259
72360
73508
18588
37504
97815
32318
53610
26260
87060
68386
23068
41977
92441
98783
92972
82540
15724
65850
38743
54093
48623
34118
15445
43919
67613
33131
2615
6793
79625
16685
79430
89334
74902
69701
3153
71550
4965
86390
91134
21101
30971
64664
97092
2777
90906
83213
263
67903
62657
88759
73740
46159
88258
4799
88407
5671
8773
27813
67102
85660
99301
11240
36007
64041
20729
92720
7952
65434
55302
69330
24732
95541
35549
88300
36896
60135
94307
67180
5117
20591
61782
38362
33728
20204
88534
3460
71546
25370
65133
39939
69915
38580
61087
73079
28712
4322
14502
77395
18626
61325
37720
83236
60662
23521
28601
68489
28201
1932
23480
16685
52005
65132
30417
58927
16470
60033
31845
1100
56338
25517
53527
15163
37658
79075
41944
19589
23942
43442
5151
7332
61377
90110
84716
24045
66059
20277
71457
22264
41504
91581
39840
10869
65172
90186
19182
15537
46275
17236
69906
88737
28026
92872
79525
38370
40132
8433
74617
13620
76858
97746
18867
80095
7195
98015
79699
60826
12801
61941
74869
77749
21858
33942
68252
18471
95517
81898
81677
75461
4725
71269
12092
11144
83232
11028
53265
98377
27507
9708
4233
28055
73112
1235
72938
58590
33362
34372
10200
58895
62231
17259
58506
96398
69465
27941
58696
43759
32420
65698
96387
98620
6851
26289
74163
33844
26946
69690
86731
79579
6215
29910
19757
95937
90956
57792
41236
11240
59327
89888
24150
34930
12134
90598
97426
91708
63908
34934
8662
145
60357
95235
14150
2642
61411
21450
61765
16176
91560
94002
20903
46360
57076
16830
66407
4538
12465
48063
85190
83021
17445
73393
37387
91839
96625
59741
29703
51517
78803
46890
20371
22679
68450
79816
53903
91592
89803
95630
65657
2851
2659
93547
1681
93156
87857
41629
32160
17458
44595
69755
10140
65245
71034
70310
48584
91483
63981
14108
41733
87377
28536
54420
94654
19512
132
22540
73124
46704
38503
81600
73272
47658
40311
46578
54603
51951
62597
90405
10155
29527
9128
80105
1360
49006
82314
87869
46864
94441
95415
61638
78313
38796
45514
2051
50875
83184
47582
94804
4771
99330
55058
16692
44642
91078
71752
50879
71325
47332
68199
24681
33208
63562
53313
67262
81945
90139
77722
6717
34390
33552
36714
5977
45455
87322
95597
28818
45981
89329
98733
82863
81180
85492
71146
46007
76566
85143
6461
57226
20418
11224
61399
27651
23321
59477
91477
2446
7510
1594
67177
42434
2170
5102
75961
24097
100
49454
83858
72918
6890
48402
25215
46462
31104
65313
92201
62723
4483
5121
9484
81409
64786
71115
23264
85135
41574
11541
69890
26882
80361
38550
93781
13741
26289
67859
54209
86076
36079
76856
74758
4337
20781
84072
74185
87158
24346
33770
80371
19460
20676
66322
6290
60301
92599
96454
30325
44123
20773
31685
75513
8717
13983
59910
75364
11229
6579
95232
26211
57630
81803
66308
96504
33403
11690
30680
33392
46690
19092
4242
62461
79436
21752
92240
82440
40634
21650
53030
19770
70736
63434
77899
27353
26658
67773
79595
45031
33372
62233
98161
87889
16094
10017
93616
11143
16022
82445
73043
11755
23775
99357
41108
69121
24951
1525
90470
12626
97264
78253
28320
34499
12337
20197
75677
76987
66535
73218
54561
45172
615
64020
69382
23387
36527
35632
85158
51276
70067
32362
21025
5137
12918
52200
15504
95681
27158
100000
5889
92135
21692
34761
5416
41824
9900
58911
59232
7732
34054
7187
97948
78397
24796
90569
7759
49333
75067
61108
73186
57048
16163
929
95556
41532
70295
7641
44110
25009
15038
4476
52154
13928
43501
18172
31924
97777
95414
94972
47419
59156
98939
93324
26870
75154
86452
39294
15688
35042
51048
90483
66699
89338
37249
40470
25376
19364
35298
91249
86135
51480
56831
38016
22381
88203
45662
85792
40727
34911
16675
36407
77402
32676
88479
56589
81809
20383
52849
92004
43895
20606
1954
52083
9173
68020
34827
80405
853
23879
30584
76059
95158
99253
20487
84951
72646
65165
49804
14447
62456
98750
538
37460
11656
24470
9333
51857
63662
29805
19858
89925
79727
48808
88863
93909
20522
4566
23347
97316
1447
86361
620
90900
70238
22773
14165
73394
30350
67566
56687
93089
78803
48862
34153
80526
70543
7077
45103
27040
35185
69170
57186
1637
41317
85813
98025
42528
22838
80631
10644
72018
70066
25921
25002
73687
23928
68518
97985
3744
25043
94306
90616
78118
46115
95930
43630
75487
37089
32418
92821
46052
49009
39927
33578
59567
7911
45842
47005
17314
29917
63800
83576
92718
36714
17983
87042
89966
41683
69675
36264
26153
13539
42464
73479
25158
48469
78346
16455
91997
15434
47095
63013
52404
55267
87389
63327
84595
68927
59401
20227
44781
86484
49700
29897
82219
71002
86236
87576
41835
78867
43258
11441
58847
99061
55432
63393
89298
48960
37110
60876
62917
957
85249
58784
39978
3120
83890
24171
44710
31649
84919
27154
48837
67901
70780
1249
73882
40504
84830
50650
22143
62925
6430
53933
45187
32349
47680
28227
65617
86559
75967
48288
84788
93193
89790
99817
85002
64137
69494
71218
55422
61913
36644
90602
21352
86521
55646
12756
79692
19798
98120
86014
67857
40144
12452
49890
42245
82005
78583
99016
57899
50901
91270
30267
86746
44141
20145
63149
56032
95414
88259
62554
68412
59251
3818
26854
4020
38436
54526
51530
20395
20513
6606
22339
69290
69884
79719
15150
63735
86971
58473
13092
12537
82760
8510
52319
51080
14498
74491
786
39030
72514
95008
4828
46398
69581
56522
85389
80390
46302
48934
33421
3083
67335
23703
34090
24282
40449
14382
24954
37419
41765
68620
14427
28009
98256
23972
57207
98695
51462
36841
47197
38871
17012
46190
70015
2501
53219
73828
93306
74443
2749
2709
64230
78074
77250
24067
77469
67836
206
59889
57583
96590
41311
51887
860
46332
57830
8687
72207
74037
1080
11854
83099
31134
60664
29673
19425
17431
90201
82454
5602
75340
64897
96212
97189
14661
20277
3781
62210
20828
21263
34490
61104
93042
49472
66585
81307
69795
80290
51438
18725
34548
37554
73402
89665
74950
9102
35816
1453
44229
95952
68784
23231
17625
31921
67037
38397
54479
85507
36212
50319
32081
55280
83870
77705
32718
60873
31649
66551
39093
71608
5928
44842
35793
881
67846
1385
89034
80656
90896
49404
95917
76567
64963
42674
76789
75867
92943
70396
94581
6555
85078
45822
17143
66797
85236
54377
87025
27945
58694
30744
58196
41829
54556
30142
29789
77392
12334
93500
61720
14981
42222
6118
29202
1717
7614
19655
44084
93389
45240
41844
21272
62047
5561
11708
12853
96719
77940
97026
8505
90914
51868
4832
93548
41872
28354
46515
78047
45767
24500
40525
68729
64393
24861
79364
14460
68030
41990
61209
13460
3352
58473
61810
80619
18779
51424
25665
18126
59165
67678
97549
15937
96738
88826
87634
66533
63505
91421
13886
90803
32077
79335
53576
36869
68950
3321
43702
52036
59460
45657
25075
59293
328
85777
22684
99179
96162
55737
98661
14650
74289
27094
10277
84641
67557
59778
31607
18484
12993
96114
75663
41697
45602
74069
64888
84345
91817
33963
18118
74504
97251
38760
65086
35711
25089
43074
53454
28092
86012
80269
88400
86484
64004
529
37963
31090
56585
21853
78722
92638
50340
26283
67765
22549
92315
96485
29287
98154
91475
87794
62261
89056
84951
5166
96545
98924
45159
17253
83569
38503
26432
27245
87119
96534
51603
49235
85482
90784
55364
12699
53258
59715
97779
64663
89478
94389
6689
96903
91566
11383
60188
78682
50035
75389
79234
86240
21394
75605
8735
22953
90278
88813
5331
42342
84605
47153
8728
71880
20979
41982
67393
66428
73914
83988
37266
79792
43299
72686
47960
12901
18518
2687
65584
67345
25901
92031
39078
5230
40913
65172
22120
65693
46040
53875
59918
18060
79149
83419
699
33809
72570
63893
86398
47932
64524
94383
84511
70457
93680
47129
16893
78042
39159
88906
47361
82728
52001
82767
57751
86637
34881
29902
74157
26201
44221
84593
52873
8121
73011
98096
12852
50312
63982
31945
19471
98782
72426
14209
29410
94989
91901
29529
11144
45238
98954
89692
77620
15033
25854
37101
45166
43871
6041
61735
54793
23262
33203
20653
64551
19051
1097
60830
5894
8936
98993
75447
12586
98505
71711
60246
41444
86643
23702
24363
35879
63664
17016
25520
13610
60444
97284
97860
48357
37009
14855
27766
94087
73054
68179
39896
21690
62004
60783
40578
556
75121
44824
19741
71151
23644
77994
38707
56927
242
83633
39748
24847
36040
77
59552
98784
53024
98930
61903
37658
2238
48088
56964
27531
21019
67730
65629
92536
40810
75940
30063
80125
60391
43262
36118
53990
56547
79190
17697
76417
45013
54271
21539
91147
55574
68254
19388
79866
63822
76258
69918
40133
57845
31392
62892
74193
92631
75827
77285
87290
694
6118
17472
4257
92050
76469
52954
30237
94791
66834
15590
9915
8131
91091
62037
75803
96120
67257
65032
99913
42899
16806
1198
65847
44214
85306
18405
10208
77659
91322
70544
1827
38925
56975
62049
92550
82023
64604
876
8881
27164
77538
58362
71664
35264
50274
85874
96786
32236
81963
90843
52754
72938
38120
68826
47582
96569
70262
57715
94078
77972
75088
52536
42804
40433
20365
75374
26250
46198
3404
66283
34837
61163
88883
79842
56897
26423
47601
71213
21479
32657
28951
63253
57929
64308
84214
61276
4998
44144
21142
4748
2266
23768
2879
18320
70564
72678
92478
16147
71998
9342
81461
30492
59309
27407
54831
12078
45089
91127
25729
57967
65569
20069
47774
56680
39021
38729
33385
45408
51629
48098
35652
19107
66049
63925
82954
65385
43064
86015
20337
33899
28036
7498
32742
93776
47477
65429
76286
37665
40279
66510
84293
28050
87490
93520
98591
54464
36309
20357
33429
11182
93988
84638
23458
90821
79634
92954
14567
39600
13409
10147
98515
1828
31267
11177
18283
61617
12668
61637
13686
57514
63593
37618
20782
30475
85690
62326
31216
55038
17390
96790
38807
53190
89433
42377
50949
73714
11747
6105
65151
85943
19026
20606
38740
80232
68022
88869
79954
70580
32460
92131
4170
40020
76843
29224
31597
79772
20659
8150
88486
46633
54523
51299
39854
64667
32272
30769
80621
68694
19196
99065
77285
5119
66242
24318
76982
66636
91202
94386
42443
54156
52774
64528
22238
55991
66385
41526
78036
38649
74981
67388
94646
92180
55809
16912
35624
15860
53054
43738
53032
32536
68896
45558
44636
89187
545
91200
50917
72293
41509
44479
39525
39109
32018
9267
55664
58630
1783
45609
85841
44742
88573
51633
55723
94626
18792
7328
86603
47666
39982
35300
55377
14988
87046
2191
401
65911
30870
87217
84635
64860
41430
3420
88258
98578
23896
9876
12581
20765
92316
47470
14234
91021
38643
50510
76592
31819
22329
23744
89940
41019
24170
45163
72813
86438
44708
4533
47359
55805
2228
58783
98390
20265
25122
34162
49255
26180
8765
81752
96764
97892
54281
18881
69925
63966
19052
38431
43250
35567
99020
44622
42391
59360
22612
4437
35677
33077
53548
12514
41564
89564
69107
60194
3467
46369
39566
68054
66324
60423
84063
89226
58635
79940
61017
51049
7013
40598
19465
2726
88504
14471
41434
24898
15175
98566
37488
98612
15311
88236
79259
74222
41941
56074
44855
12399
33853
28281
97139
27172
28168
27721
32807
95022
91217
5316
87184
8566
33178
46256
2781
34393
34127
34815
82648
82592
59207
47560
25485
97142
38581
81275
24492
87780
32242
75781
8738
91905
59545
76208
50089
44959
44288
51779
4684
29383
6827
61298
50292
63897
36117
16567
83598
83278
99072
4604
35536
40814
9825
19165
19567
50776
70455
22430
56684
81984
2392
87619
4897
96619
29483
38734
93003
84979
32955
48666
94407
70147
98104
28770
73599
89241
92044
84469
88320
1778
63216
56924
54880
68543
36080
9114
44196
55734
38848
32996
7986
64225
7600
36160
65593
99862
71910
23939
63956
57249
53272
4554
4766
51406
6843
22571
76109
36870
16808
75748
12169
55073
90225
62827
13308
35117
44979
79650
78123
4357
38330
88471
70755
91318
61673
37037
8034
35675
17095
56240
93026
79334
35670
81600
36011
26500
33400
93649
49533
53414
52226
54828
37851
76421
10709
70553
33033
66143
80848
33687
57579
74040
4940
74844
37735
36030
93065
25423
13189
94010
61388
11301
14306
3246
84889
70336
91241
45823
76509
99047
69330
5151
67574
769
17818
57378
56793
66104
86262
17683
85267
53138
31163
76469
62242
58850
89372
28226
35207
68006
49001
87832
9132
74731
1793
49659
96991
2401
26940
51773
26383
85025
15458
53386
18111
52592
78213
80939
72950
20299
71888
74356
69079
53666
64404
34942
8587
9776
46852
81323
68685
83936
82238
55850
6108
20831
63730
41381
317
43009
11321
54656
99505
275
4014
30081
65267
81465
46704
31771
40819
32433
23201
527
32412
53422
86255
52525
83123
90372
18157
1368
89494
92797
76848
4351
34667
23551
91006
7033
16103
9334
22119
76691
52624
30321
6206
71945
32342
75380
28070
47584
24558
75221
59346
22184
57577
57688
96715
55197
88488
36925
37055
5887
19010
55407
53803
49531
93972
80074
65538
86210
17000
9500
46511
51996
28028
23242
80474
84374
99678
53376
9925
60875
10290
33541
40176
23309
7533
93958
20806
42041
5869
54466
77004
20992
37720
43466
76535
89456
28590
5472
58845
67103
59920
35665
4409
19196
48941
69491
69365
38355
53149
93037
63996
81523
77850
57401
69905
75608
70983
59468
90864
83103
716
79886
40322
67175
90604
38720
71121
73740
43780
86987
71958
62454
34784
6471
92324
79017
16265
9003
65794
59070
48240
60694
45843
8387
65951
66988
24151
80032
72874
39176
5874
82155
79027
8507
74327
70088
20327
5701
66983
18371
60046
70669
27299
70933
43427
24894
17672
24799
3053
72394
77509
97872
3267
98432
89598
98324
2047
47776
37876
46694
23379
25701
88176
21366
4173
82039
99455
11684
19691
19199
38317
46514
55547
19495
59093
4567
11106
95938
54161
99638
95464
83816
71301
49321
29879
56198
45909
20570
76325
30583
13597
18899
19221
65024
57311
87995
35045
78676
15703
98874
72912
97373
4345
7367
99999
45480
32835
42887
86256
55511
42672
36074
32202
9159
5248
64213
57575
5381
52663
72438
68985
87992
64041
38607
53753
67733
74541
2516
55549
8545
91113
77762
95607
13214
22214
34728
76710
70353
60864
15412
43788
34101
17437
84675
16273
87964
31529
27102
99127
46224
87874
19877
36340
18525
68617
63476
38276
27849
82294
96082
95347
55463
51960
97696
7935
13671
79455
77948
42750
8963
65057
75156
23403
91934
22309
78675
17813
48330
93762
20258
14636
41221
28481
71277
24868
58735
87586
11318
71324
25285
63488
21230
82359
478
79992
76252
23099
37892
42558
84975
30289
91005
13863
77799
45558
4468
41862
29633
56540
36218
50344
24688
56274
4045
28958
38750
91954
50582
66366
36008
89717
48537
35777
94646
83575
71310
53279
98620
95155
40576
32365
34072
22990
42913
68635
1487
7663
30183
66893
4950
22099
89987
80930
67001
35739
93863
4097
47583
93404
72034
20091
24225
60805
70699
82135
98145
92812
36379
30506
89203
51311
35222
18575
16896
83606
69934
19139
79125
45851
88045
46961
41099
23997
70159
25750
68944
99531
5091
40227
87073
90308
62839
52272
13359
48062
71781
64747
88268
61855
18927
99949
89378
49090
15798
50516
76277
48668
63924
65847
83268
16263
67509
51668
39455
160
94036
10468
47269
50149
50390
37389
21981
11298
14014
89499
25961
26485
82844
7701
21996
91583
48450
68731
77950
13434
54036
62809
53128
9596
83891
13051
99223
50292
29776
25838
35332
75491
44388
21424
29050
29748
71772
60110
906
6779
61176
64464
10927
36673
13152
87795
52021
55575
54316
52965
5296
99991
23930
3155
7312
44015
33724
42317
67732
30331
66692
44277
67478
54127
53977
24617
73323
58999
22406
83188
41898
11565
52063
1326
28932
48247
57810
37505
25189
55384
81591
67683
63617
75873
50110
80759
13629
39606
13354
52918
13210
83191
70126
60555
18277
74070
35970
97584
83822
35499
23352
13055
3154
74659
59575
75035
74510
18197
38871
75211
69487
90675
20981
87780
96186
432
18881
34823
16995
27948
95294
60829
71155
200
78142
87708
55945
70989
34409
51455
8697
34498
40968
2826
41931
31904
86610
27816
76246
92308
18410
87924
36954
83860
73238
26698
96293
65067
74515
25396
1572
4685
5259
54762
43709
44670
87585
78173
47115
64372
73918
74925
8780
5414
54497
48285
13603
20103
47182
89409
33783
6591
62783
34146
55952
23913
43041
61007
92406
78690
96936
74963
31914
48239
56368
71789
77459
29634
19054
57012
93392
32448
4783
93498
72724
22930
72669
41106
89554
73370
32216
78274
40296
34048
37949
96467
54647
83049
59240
34227
67644
60548
97625
93882
59626
66434
91501
36123
74152
73691
92097
35339
71555
21152
41438
56075
41197
79394
1485
92813
29472
15242
67760
73649
36882
38695
74918
59299
54528
90031
43211
89773
29470
18008
55015
96613
51974
73300
44572
39842
69239
43412
69950
19802
50376
7888
76218
68130
55264
9931
18826
67676
2165
36543
9176
1120
90691
7030
80679
69955
78841
4001
27476
26163
36691
39980
30707
67281
577
24925
20427
93123
7531
96526
17673
61992
3215
77163
72632
56776
38216
47792
18935
91005
38214
14107
2003
85545
88626
40452
64932
78122
59405
25485
51259
95826
83297
12652
68766
66352
36841
97646
65385
84528
60521
46734
11648
67197
63571
76784
33327
95819
41321
13802
2930
19485
31262
89799
46467
11499
35321
66919
49930
17015
98771
12888
13042
30227
65647
86254
62124
64021
42787
7450
81114
11155
8573
62633
73389
58819
11739
82263
88709
36876
36097
31197
21332
17754
63674
75968
71873
48315
56046
61332
84172
8077
19928
80394
57715
29065
67670
69927
89066
46722
85734
95600
27939
54613
42211
56208
7899
65352
28539
77229
55730
97732
93162
26903
31346
20010
65905
46507
86403
5232
30102
12525
14191
20748
46783
97468
69431
16096
6166
87312
85343
2288
49622
91440
60259
60726
84229
41652
83935
2500
59152
7496
77158
10467
50425
99454
77148
30248
83451
39244
22538
65650
47967
50015
54414
8717
98900
39462
81380
61152
74679
88298
41142
76789
56903
37637
47952
48304
812
74854
84775
88983
20658
48851
80205
21825
56773
73624
43831
91541
80934
14009
3637
29454
16809
77006
59129
58657
76616
36319
37001
18352
89770
41167
73784
22124
28325
52331
67556
39365
81272
32780
66205
36159
12787
63027
12594
84564
74979
28781
69300
34354
3593
68578
63679
56348
36906
55397
56483
63259
38798
14292
97925
23516
35582
55410
94832
10306
29434
49271
77055
21365
85949
29926
67020
40206
52932
31676
26979
46979
19081
84518
20643
22619
50561
66057
45293
79379
60607
48690
67039
80897
94169
76291
68859
61562
61594
10361
56617
6933
24074
61602
96710
61029
56302
11111
44580
13767
762
60645
58456
32049
44528
67561
4404
15291
42396
81675
87811
82886
3883
99645
6350
76429
68456
33907
540
52461
93656
4993
43449
58509
51872
73649
64995
25402
36327
54594
33228
45969
91155
3931
12605
98927
10623
31527
54229
34444
42026
57967
3499
76327
33000
29889
87106
54203
22077
19034
91630
83139
85451
3927
16357
62791
75154
58440
79174
19672
71527
61235
73790
8391
27147
123
11892
29072
54346
14861
8666
37972
46947
69221
37522
57002
19629
20156
24908
87111
29141
72725
5393
1560
28481
39414
59485
43641
57744
38465
92128
96873
61822
5747
72769
57954
43544
63451
67533
16582
5821
43953
32978
54846
12629
52638
84310
83471
34952
29382
16646
33247
4829
84352
30077
60273
18774
37801
30201
49089
23109
49954
19124
19811
71903
30818
5396
27603
56356
54602
77188
8975
90066
26960
39416
28842
82737
21317
13078
30164
84153
53135
85394
92632
67949
77844
85879
45522
89717
80338
65846
33296
37057
41411
91529
16176
59060
65046
93636
3555
22591
21231
9103
43758
14430
84201
8889
15360
61542
53937
47092
88311
1660
95771
7279
1108
90629
94876
41369
15722
47755
87158
44274
14140
91760
4497
61079
75958
58261
30504
68614
62303
64151
21271
35750
85596
48629
65488
57485
18215
44191
99460
81194
29971
27973
16500
57520
51581
34122
99583
69197
81514
58586
97759
27204
63722
39521
94771
2539
47242
70194
22520
94327
2384
1784
37515
69194
99016
51655
66790
40063
63849
49320
73063
89760
30144
59918
61787
78087
69646
59545
19336
26317
64473
59920
41353
58965
42776
73047
88206
69626
2979
51903
43182
9079
94301
24142
43812
50598
17455
212
13863
9713
60470
23083
71695
57215
79913
84806
27511
13457
59781
33082
14056
1841
22933
15686
75055
63052
20336
64639
78750
32139
29070
82303
10056
21893