100
37851
82275
69497
25320
36625
45252
43691
84799
70419
26202
82887
19294
18572
61157
45919
783
84739
54679
64839
36337
61593
35555
91211
70356
14276
68258
68499
39606
17312
97690
98550
70103
23564
97913
90692
94811
93068
8976
63437
71469
72615
77775
57530
19838
11021
87260
8082
56111
80111
68870
57675
50630
23661
87511
14978
88427
29744
32821
23148
4621
88243
58898
41357
36828
4706
90581
77076
61538
58460
70450
6902
96191
9951
63123
70561
38308
3619
26367
75844
54857
80507
16632
17971
69615
53054
58311
33974
31785
82018
16205
22598
56447
96252
59147
12771
96285
51890
93233
29723
75466
